pathData.quarterRest = "M -2.143 -15.000 L 5.238 -6.190 C 0.000 -0.794 1.667 3.016 6.270 7.222 L 5.952 7.778 C 4.127 6.905 2.381 6.587 0.397 7.857 C -1.111 9.524 0.238 11.111 2.063 12.698 L 1.587 13.175 C -0.714 10.873 -4.524 7.540 -2.381 5.159 C -0.873 3.175 1.032 3.810 2.460 4.365 L -3.254 -1.825 C -1.984 -3.915 0.476 -6.190 0.714 -8.254 C 0.794 -11.190 -1.111 -12.857 -2.460 -14.603 Z";

pathData.eighthNoteFlag = "M 4.652 -35.217 L 4.435 -0.435 L 5.522 -0.435 L 5.522 -24.348 C 9.435 -21.957 10.739 -19.130 12.043 -15.000 C 12.696 -12.609 12.043 -9.783 10.957 -6.957 C 9.870 -5.000 11.826 -3.478 12.478 -6.087 C 14.000 -9.130 14.870 -15.217 12.261 -19.565 C 10.087 -24.348 7.261 -27.174 5.957 -31.957 L 5.522 -35.217 Z";

四分休符
M -2.143 -15.000 L 5.238 -6.190 C 0.000 -0.794 1.667 3.016 6.270 7.222 L 5.952 7.778 C 4.127 6.905 2.381 6.587 0.397 7.857 C -1.111 9.524 0.238 11.111 2.063 12.698 L 1.587 13.175 C -0.714 10.873 -4.524 7.540 -2.381 5.159 C -0.873 3.175 1.032 3.810 2.460 4.365 L -3.254 -1.825 C -1.984 -3.915 0.476 -6.190 0.714 -8.254 C 0.794 -11.190 -1.111 -12.857 -2.460 -14.603 Z
五線譜の間隔10で中心に配置します。なのでだいたいこれで
20くらいの高さ？ですね。

ハート
M 0 0.56 C -1 -0.14 -0.5 -0.84 0 -0.35 C 0.5 -0.84 1 -0.14 0 0.56
大きさ1なのでサイズだけ倍にして使います。

星
M 0 -0.5 L 0.1123 -0.1545 L 0.4755 -0.1545 L 0.1816 0.059 L 0.2939 0.4045 L 0 0.191 L -0.2939 0.4045 L -0.1816 0.059 L -0.4755 -0.1545 L -0.1123 -0.1545 Z
これも最大半径1です。

ト音記号
M 0.123 15.496 C -9.210 12.057 -7.000 5.057 -2.088 1.250 C 1.719 -1.083 5.772 -0.837 8.719 1.987 C 13.631 6.163 12.035 12.180 10.070 15.373 C 6.140 20.776 0.737 20.531 -3.930 19.425 C -11.912 15.741 -14.859 10.092 -13.263 2.233 C -10.561 -5.872 -4.421 -10.293 1.105 -15.697 C 3.439 -18.052 6.140 -23.701 4.667 -27.754 C 3.439 -29.350 1.719 -27.877 0.491 -26.771 C -2.088 -23.824 -2.702 -20.631 -2.088 -16.925 L 6.754 24.706 C 8.105 29.373 6.509 33.548 4.053 35.145 C 0.614 36.987 -2.702 36.864 -5.526 34.530 C -7.982 31.460 -8.965 28.636 -6.140 26.303 C -4.421 25.443 -2.702 24.460 -0.246 27.285 C 1.842 31.460 -1.351 34.162 -4.053 33.794 C -1.965 36.250 3.561 35.022 4.544 32.443 C 5.772 30.478 5.772 27.039 4.912 23.724 L -3.316 -15.228 C -4.667 -21.736 -4.421 -27.508 -0.491 -32.298 C 1.474 -34.631 3.930 -33.649 5.158 -31.684 C 8.596 -26.894 7.123 -19.772 5.158 -15.351 C 2.456 -8.965 -2.088 -5.281 -6.017 -0.860 C -10.561 3.684 -11.298 8.474 -8.228 13.509 C -6.017 17.684 -0.246 20.386 6.017 17.070 C 10.561 13.509 9.333 6.877 5.526 5.281 C 3.684 4.298 -0.737 3.561 -2.579 7.614 C -3.439 9.947 -3.193 12.526 -1.596 14.000 Z
